-0.1 0.0
-0.30000000000000004 0.35
-0.71 1.1
-1.1800000000000002 1.85
-1.6400000000000001 2.7
-1.9300000000000002 3.5
-2.18 4.34
-2.0925369801204634 4.428257646385881
-1.8587955832301777 5.0566779782163565
-1.0616933789677037 5.059267453385168
-0.2533134709808165 5.010839201755668
0.6925283694023302 4.969276675582599
1.6314802313017576 4.887311497058703
2.554288710815743 4.697075115315785
3.175294677604824 4.289677265818032
3.0869871801641837 4.111722076818362
3.0912538849423723 3.806918295455542
2.6632559412741985 3.149846901556777
2.1499429853741914 2.4990954752929944
1.5885782956796017 1.8453560771440514
1.0613535837375687 1.1886899689849129
0.5641296491055424 0.5398745245383819
0.13 -0.06
0.1051523072438661 0.04391911722046035
0.09966489241912968 0.06527523196334165
0.1 -0.02
0.07 -0.03
0.07999999999999999 -0.01
