-0.1 0.0
-0.44000000000000006 0.79
-0.94 1.53
-1.3937232186591704 2.2968758208328106
-1.82 3.11
-2.12 3.93
-2.3200000000000003 4.87
-1.53 4.89
-0.73 4.87
0.21 4.85
1.14 4.81
2.06 4.65
2.6999999999999997 4.42
2.78 4.19
2.6213772328387166 3.6456737093779714
2.191200487323394 2.9932711799858622
1.6833259053800174 2.331663353958851
1.124051278899794 1.6784610199494767
0.5978422025127731 1.0286625679398684
0.09300946418669426 0.4116070951056937
-0.32785026555812086 -0.146386842558136
-0.03 -0.1
-0.060000000000000005 -0.07
